Before:
00,00,00,00,00,00,00
00,00,00,00,00,00,00
00,00,00,00,00,00,00
00,00,00,00,00,00,00
00,00,00,00,00,00,00
00,00,00,00,00,00,00
00,00,00,00,00,00,00
00,00,00,00,00,00,00
00,00,00,00,00,00,00
00,00,00,00,00,00,00
00,00,00,00,00,00,00
00,00,00,00,00,00,00
00,00,00,00,00,00,00
[[0, 1, 2, 3], [-1, -1, -1, -1], [-1, -1, -1, -1], [-1, -1, -1, -1], [-1, -1, -1, -1], [-1, -1, -1, -1], [-1, -1, -1, -1]]
[[4, 5, 6, 7], [0, 1, 2, 3], [-1, -1, -1, -1], [-1, -1, -1, -1], [-1, -1, -1, -1], [-1, -1, -1, -1], [-1, -1, -1, -1]]
[[8, 9, 10, 11], [4, 5, 6, 7], [0, 1, 2, 3], [-1, -1, -1, -1], [-1, -1, -1, -1], [-1, -1, -1, -1], [-1, -1, -1, -1]]
[[12, -1, -1, -1], [8, 9, 10, 11], [4, 5, 6, 7], [0, 1, 2, 3], [-1, -1, -1, -1], [-1, -1, -1, -1], [-1, -1, -1, -1]]
[[-1, -1, -1, -1], [12, -1, -1, -1], [8, 9, 10, 11], [4, 5, 6, 7], [0, 1, -1, -1], [-1, -1, -1, -1], [-1, -1, -1, -1]]
[[-1, -1, -1, -1], [-1, -1, -1, -1], [12, -1, -1, -1], [8, 9, 10, 11], [2, 4, -1, -1], [0, 1, -1, -1], [-1, -1, -1, -1]]
[[-1, -1, -1, -1], [-1, -1, -1, -1], [-1, -1, -1, -1], [12, -1, -1, -1], [3, 5, 6, -1], [2, 4, -1, -1], [-1, -1, -1, -1]]
[[-1, -1, -1, -1], [-1, -1, -1, -1], [-1, -1, -1, -1], [-1, -1, -1, -1], [7, 8, -1, -1], [3, 5, 6, -1], [0, 1, -1, -1]]
[[-1, -1, -1, -1], [-1, -1, -1, -1], [-1, -1, -1, -1], [-1, -1, -1, -1], [9, 10, -1, -1], [7, 8, -1, -1], [2, -1, -1, -1]]
[[-1, -1, -1, -1], [-1, -1, -1, -1], [-1, -1, -1, -1], [-1, -1, -1, -1], [11, -1, -1, -1], [9, 10, -1, -1], [3, 4, 5, 6]]
[[-1, -1, -1, -1], [-1, -1, -1, -1], [-1, -1, -1, -1], [-1, -1, -1, -1], [12, -1, -1, -1], [11, -1, -1, -1], [7, 8, -1, -1]]
[[-1, -1, -1, -1], [-1, -1, -1, -1], [-1, -1, -1, -1], [-1, -1, -1, -1], [-1, -1, -1, -1], [12, -1, -1, -1], [9, 10, -1, -1]]
[[-1, -1, -1, -1], [-1, -1, -1, -1], [-1, -1, -1, -1], [-1, -1, -1, -1], [-1, -1, -1, -1], [-1, -1, -1, -1], [11, -1, -1, -1]]
After:
00,01,02,03,04,05,06
00,01,02,03,04,05,06
00,01,02,03,05,06,07
00,01,02,03,06,07,08
01,02,03,04,05,06,08
01,02,03,04,06,07,08
01,02,03,04,06,07,08
01,02,03,04,07,08,09
02,03,04,05,07,08,09
02,03,04,05,08,09,10
02,03,04,05,08,09,10
02,03,04,05,09,10,11
03,04,05,06,10,11,12
